# Created by Octave 4.2.1, Sat Jun 17 23:25:53 2017 CEST <tibo@tibo-manjaro>
# name: A
# type: matrix
# rows: 3
# columns: 3
 1 2 3
 4 5 6
 7 8 9


